4
6
10
11
15
21
25
28
31
34
34
35
37
38
42
43
46
47
48
51
52
54
64
65
67
68
74
81
85
90
90
91
91
92
146
149
151
153
153
155
156
158
205
231
713
717
718
719
720
721
722
723
725
726
727
730
731
732
733
735
735
738
739
741
741
742
743
744
746
746
748
749
750
751
752
753
754
755
760
762
766
767
769
770
771
774
779
780
781
783
783
785
786
797
799
800
803
804
12
16
17
19
22
23
24
26
27
30
35
36
38
39
40
41
43
44
45
46
48
51
52
54
54
55
56
56
57
58
58
58
59
60
60
68
69
73
76
78
82
89
93
97
102
105
113
115
116
122
122
123
126
136
137
138
140
142
146
149
152
153
154
158
159
160
173
175
184
202
207
207
209
213
214
219
220
221
221
222
222
223
225
226
228
231
232
236
240
244
245
248
248
250
252
253
254
255
256
257
258
263
264
266
268
271
278
281
289
293
298
299
302
303
306
308
325
327
332
340
346
353
361
364
366
373
380
382
385
399
406
406
407
408
413
418
423
425
427
431
433
446
453
455
458
462
468
469
472
474
477
480
487
489
490
498
504
520
526
533
534
534
535
540
544
545
547
552
555
560
561
565
568
569
570
571
572
573
577
581
582
585
592
593
595
598
601
604
607
622
624
628
628
629
641
648
650
652
653
656
664
674
675
676
676
681
690
695
700
704
705
709
710
711
713
716
724
725
729
733
739
741
749
749
753
756
756
757
762
764
767
768
774
778
780
781
786
789
794
795
797
803
803
807
809
0
2
5
6
7
8
9
9
10
11
12
17
18
18
20
22
25
29
30
31
36
37
38
39
48
48
50
51
57
62
64
68
75
76
86
92
97
98
101
107
114
116
123
128
136
150
153
155
165
167
183
184
184
188
190
191
192
192
195
195
196
197
197
198
203
217
224
4
15
17
19
22
22
3
6
13
14
17
26
27
27
31
31
32
40
40
44
45
46
48
50
51
52
55
2
9
14
17
17
18
22
22
24
25
26
26
27
30
34
41
42
3
7
8
11
13
16
20
22
27
29
31
33
39
39
42
46
52
56
65
65
68
76
77
78
81
83
87
88
90
91
95
98
99
106
117
120
127
133
136
138
141
142
146
147
150
152
153
155
160
162
168
170
179
182
185
193
195
212
215
217
219
226
229
234
244
249
257
259
270
273
275
285
0
5
11
15
20
22
26
30
31
37
46
52
57
70
76
80
80
85
90
96
98
100
111
117
121
126
131
137
140
151
163
172
185
185
192
193
194
206
213
218
221
229
242
248
255
261
263
272
277
279
282
284
288
292
295
299
325
332
341
348
360
362
364
369
371
371
395
404
413
417
426
428
436
443
445
448
454
456
461
465
470
472
473
480
489
493
499
500
501
501
502
503
504
505
509
514
526
532
537
547
550
554
556
560
565
570
580
584
587
599
603
611
618
624
637
638
641
644
647
659
670
670
679
682
685
689
692
706
710
713
715
716
717
718
720
722
725
727
732
740
750
758
761
764
766
778
805
825
836
842
852
858
869
875
879
882
883
888
891
894
902
907
912
915
929
930
948
948
953
957
970
975
992
998
1002
1003
1010
1015
1018
1021
1023
1024
1029
1032
1037
1037
1038
1041
1044
1047
1050
1051
1057
1069
1076
1080
1089
1091
1095
1098
1105
1117
1125
1127
1128
1133
1134
1134
1135
1137
1137
1138
1138
1145
1145
1147
1156
1163
1170
1172
1174
1174
1176
1178
1186
1187
1191
1195
1210
1212
1222
1225
1232
1235
1237
1241
1243
1246
1246
1248
1251
1263
1266
1272
1280
1287
1289
1292
1293
1294
1295
1296
1298
1309
1313
1324
1339
1343
1348
1348
1351
1353
1355
1359
1368
1370
1371
1373
1379
1385
1391
1392
1393
1393
1397
1399
1400
1404
1418
1421
1432
1437
1450
1450
1451
1453
1457
1460
1464
1472
1475
1485
1488
1490
1492
1493
1507
1512
1517
1518
1522
1522
1525
1526
1526
1528
1529
1530
1532
1535
1540
1545
1551
1552
1554
1555
1556
1558
1560
1570
1576
1577
1577
1581
1581
1589
1591
1596
1600
1603
1604
1604
1607
1609
1610
1612
1616
1620
1622
1628
1631
1646
1651
1654
1681
1690
1693
1696
1699
1712
1728
1731
1733
1738
1743
1745
1746
1746
1748
1748
1751
1752
1771
1772
1780
1782
1784
1787
1794
1801
1802
1804
1806
1807
1808
1894
2480
2481
2482
2483
2485
2486
2487
2489
2491
2492
2493
2497
2500
2502
2515
2515
2515
2516
2517
2518
2520
2521
2521
2522
2524
2525
2525
2526
2527
2529
2530
2532
2533
2534
2535
2537
2538
2539
2540
2541
2541
2544
2548
2549
2550
2551
2553
2555
2561
